set_initial_pose_x: 0.01143312016879203
set_initial_pose_y: -0.7039894716040849
set_initial_pose_z: 0
set_initial_pose_ox: 0.004528136580991651
set_initial_pose_oy: 0.00369640586654298
set_initial_pose_oz: -0.001948836908721896
set_initial_pose_ow: 0.9999810171185637