set_initial_pose_x: 0.01716118830599487
set_initial_pose_y: -0.7115326949636018
set_initial_pose_z: 0
set_initial_pose_ox: 0
set_initial_pose_oy: 0
set_initial_pose_oz: -0.001827498582660346
set_initial_pose_ow: 0.9999983301230709